10	10
11	11
12	12
13	13
15	15
17	17
18	18
19	19
20	20
21	21
22	22
23	23
24	24
25	25
26	26
28	28
29	29
32	32
4	4
6	6
14	14
16	16
27	27
31	31
1	1
2	2
3	3
5	5
7	7
8	8
9	9
30	30
42	265
43	266
44	267
33	256
34	257
35	258
36	259
37	260
38	261
39	262
40	263
41	264
45	268
46	269
47	270
48	271
49	272
50	59
51	60
53	62
62	71
63	72
64	73
65	74
66	75
67	76
74	83
52	61
54	63
55	64
57	66
58	67
59	68
60	69
61	70
68	77
69	78
70	79
71	80
72	81
73	82
75	84
76	85
77	86
78	87
56	65
84	38
88	42
89	43
91	45
79	33
80	34
81	35
82	36
83	37
85	39
86	40
87	41
90	44
92	46
93	47
94	48
95	49
96	50
97	51
98	52
99	53
100	54
101	55
102	56
103	57
104	58
106	104
105	103
107	105
108	106
109	107
110	108
111	109
112	110
114	112
118	116
113	111
115	113
116	114
117	115
119	117
120	118
121	119
122	120
123	121
124	122
125	123
126	124
127	125
128	126
129	127
130	128
131	129
132	130
133	131
134	132
135	133
136	134
137	135
138	136
139	137
140	138
141	139
142-143	140-141
144	142
145-146	143-144
147	145
148	146
149	147
150	148
151	149
152	150
153	151
154	152
155	153
156	154
157	155
158	156
159	157
160	158
161	159
162	160
163	161
164	162
165	163
166	164
167	165
168	166
169	167
170	168
171	169
172	170
173	171
174	172
175	173
176	174
177	175
178	176
179	177
180	178
181	179
182	180
183	181
184	182
185	183
186	184
187	185
188	186
189	187
190	188
191	189
192	190
193	191
194	192
195	193
196	194
197	195
198	196
199	197
200	198
201	199
202	200
203	201
204	202
205	203
206	204
207	205
208	206
209	207
210	208
211	209
212	210
213	211
214	212
215	213
216	214
217	215
218	216
219	217
220	218
221	219
222	220
223	221
224	222
225	223
226	224
227	225
228	226
229	227
230	228
231	229
232	230
233	231
234	232
235	233
236	234
237	235
238	236
239	237
240	238
241	239
242	240
243	241
244	242
245	243
246	244
247	245
248	246
249	247
250	248
251	249
252	250
253	251
254	252
255	253
256	254
257	255
258	1164
259	1165
260	1166
261	1167
262	1168
263	1169
264	1170
265	1171
266	1172
267	1173
268	1174
269	1175
270	1176
271	1177
272	273
273	274
274	275
275	276
276	277
277	278
278	279
279	280
280	281
281	282
282	304
283	305
284	306
285	307
286	308
287	309
288	310
289	311
290	312
291	313
292	314
293	315
294	316
295	317
296	318
297	319
298	320
299	321
300	322
301	323
302	324
303	325
304	326
305	327
306	328
307	329
308	330
309	331
310	332
311	333
312	334
313	335
314	336
315	337
316	338
317	339
318	340
319	341
320	342
321	283
322	284
323	285
324	286
325	287
326	288
327	289
328	290
329	291
330	292
331	293
332	294
333	295
334	296
335	297
336	298
337	299
338	300
339	301
340	302
341	303
342	343
343	344
344	345
345	346
346	347
347	348
348	349
349	350
350	351
351	352
352	353
353	354
354	355
355	356
356	357
357	358
358	359
359	360
360	361
361	362
362	363
363	364
364	365
365	366
366	367
367	368
368	369
369	370
370	371
371	372
372	373
373	374
374	375
375	376
376	377
377	378
378	379
379	380
380	381
381	382
382	383
383	384
384	385
385	386
386	387
387	388
388	389
389	390
390	391
391	392
392	393
393	394
394	395
395	396
396	397
397	398
398	399
399	400
400	401
401	402
402	403
403	404
404	405
405	406
406	407
407	408
408	409
409	410
410	411
411	412
412	413
413	414
414	415
415	416
416	417
417	418
418	419
419	420
420	421
421	422
422	423
423	424
424	425
425	426
426	427
427	428
428	429
429	430
430	431
431	432
432	433
433	434
434	435
435	436
436	437
437	438
438	439
439	440
440	441
441	442
442	443
443	444
444	445
445	446
446	447
447	448
448	449
449	450
450	451
451	452
452	453
453	454
454	455
455	456
456	457
457	458
458	459
459	460
460	461
461	462
462	463
463	464
464	465
465	466
466	467
467	468
468	469
469	470
470	471
471	472
472	473
473	474
474	475
475	476
476	477
477	478
478	479
479	480
480	481
481	482
482	483
483	484
484	485
485	486
486	487
487	488
488	489
489	490
490	491
491	492
492	493
493	494
494	495
495	496
496	497
497	498
498	499
499	500
500	501
501	502
502	503
503	504
504	505
505	506
506	507
507	508
508	509
509	510
510	511
511	512
512	513
513	514
514	515
515	516
516	517
517	518
518	519
519	520
520	521
521	522
522	523
523	524
524	525
525	526
526	527
527	528
528	529
529	530
530	531
531	532
532	533
533	534
534	535
535	536
536	537
537	538
538	539
539	540
540	541
541	542
542	543
543	544
544	545
545	546
546	547
547	548
548	549
564	565
565	566
566	567
567	568
568	569
569	570
570	571
571	572
572	573
573	574
574	575
575	861
576	862
577	863
578	864
579	865
580	866
581	867
582	868
583	869
584	870
585	871
586	872
587	873
588	874
589	875
590	876
591	877
592	878
593	879
594	880
595	881
596	882
597	883
598	884
599	885
600	886
601	887
602	888
603	889
604	890
605	891
606	892
607	893
608	894
609	895
610	896
611	897
612	898
613	899
614	900
615	901
616	902
617	903
618	904
619	605
620	606
621	607
622	608
623	609
624	610
625	611
626	612
627	613
628	614
629	615
630	616
631	617
632	618
633	619
634	620
635	621
636	622
637	623
638	624
639	625
640	626
641	627
642	628
643	629
644	630
645	631
646	632
647	633
648	634
649	635
650	636
651	637
652	638
653	639
654	642
655	643
656	644
657	645
658	646
659	647
660	648
661	649
662	650
663	651
664	652
665	653
666	654
667	655
668	656
669	657
670	658
671	659
672	660
673	661
674	662
675	663
676	664
677	665
678	666
679	667
680	668
681	669
682	670
683	671
684	672
685	673
686	674
687	675
688	676
689	677
690	678
691	679
692	680
693	681
694	682
695	683
696	684
697	685
698	686
699	687
700	688
701	689
702	690
703	691
704	692
705	693
706	694
707	695
708	696
709	697
710	698
711	699
712	700
713	701
714	702
715	703
716	704
717	705
718	706
719	707
720	708
721	709
722	710
723	711
724	712
725	713
726	714
727	715
728	716
729	717
730	718
731	719
732	720
733	721
734	722
735	723
736	724
737	725
738	726
739	727
740	728
741	729
742	730
743	731
744	732
745	733
746	734
747	735
748	736
749	737
750	738
751	739
752	740
753	741
754	742
755	743
756	744
757	745
758	746
759	747
760	748
761	749
762	750
763	751
764	752
765	753
766	754
767-769	755-757
770	758
771	759
772	760
773	761
774	762
775	763
776	764
777	765
778	766
779	767
780	768
781	769
782	770
783	771
784-786	772-774
787	775
788	776
789	777
790	778
791	779
792	780
793	781
794	782
795	783
796	784
797	785
798	786
799	787
800	788
801	789
802	790
803	791
804	792
805	793
806	794
807	795
808	796
809	797
810	798
811	799
812	800
813	801
814	802
815	803
816	804
817	805
818	806
819	807
820	808
821	809
822	810
823-824	811-812
825	813
826	814
827	815
828	816
829	817
830	818
831	819
832	820
833	821
834	822
835	823
836	824
837	825
838	826
839	827
840	828
841	829
842	830
843	831
844	832
845	833
846	834
847	835
848	836
849	837
850	838
851	839
852	840
853	841
854	842
855	843
856	844
857	845
858	846
859	847
860	848
861	849
862	850
863	851
864	852
865	853
866	854
867	855
868	856
869	857
870	858
871	859
872	860
873	1121
874	1122
875	1123
897	905
898	906
899	907
900	908
901	909
902	910
903	911
904	912
905	913
906	914
907	915
908	916
909	917
910	918
911	919
912	920
913	921
914	922
915	923
916	924
917	925
918	926
919	927
920	928
921	929
922	930
923	931
924	932
925	933
926	934
927	935
928	936
929	937
930	938
931	939
932	940
933	941
934	942
935	943
936	944
937	945
938	946
939	947
940	948
941	949
942	950
943	951
944	952
945	953
946	954
947	955
948	956
949	957
950	958
951	959
952	960
953	961
954	962
955	963
956	964
957	965
958	966
959	967
960	968
961	969
962	970
963	971
964	972
965	973
966	974
967	975
968	976
969	977
970	978
971	979
972	980
973	981
974	982
975	983
976	984
977	985
978	986
979	987
980	988
981	989
982	990
983	991
984	992
985	1241
986	1242
987	1243
988	1244
989	1245
990	1246
991	1247
992	1248
993	1249
994	1250
995	1251
996	1252
997	1253
998	1254
999	1255
1000	1256
1001	1257
1002	1258
1003	1259
1004	1260
1005	1261
1006	1262
1007	1263
1008	1264
1009	1265
1010	1266
1011	1023
1012	1024
1013	1025
1014	1026
1015	1027
1016	1028
1017	1029
1018	1030
1019	1031
1020	1032
1021	1033
1022	1034
1023	1035
1024	1036
1025	1037
1026	1038
1027	1039
1028	1040
1029	1041
1030	1042
1031	1043
1032	1044
1033	1045
1034	1046
1035	1047
1036	1048
1037	1049
1038	1050
1039	1051
1040	1052
1041	1053
1042	1054
1043	1055
1044	1056
1045	1057
1046	1058
1047	1059
1048	1060
1049	1061
1069	1081
1070	1082
1071	1083
1072	1084
1073	1085
1074	1086
1075	1087
1076	1088
1077	1089
1078	1090
1079	1091
1080	1092
1081	1093
1082	1094
1083	1095
1084	1096
1085	1097
1086	1098
1087	1099
1088	1100
1089	1101
1090	1102
1091	1103
1092	1104
1094	1106
1095	1107
1096	1108
1097	1109
1098	1110
1099	1111
1100	1112
1101	1113
1102	1114
1103	1115
1104	1116
1105	1117
1106	1118
1107	1119
1108	1120
1109	1222
1110	1223
1111	1224
1112	1225
1113	1226
1114	1227
1115	1228
1116	1229
1117	1230
1118	1231
1119	1232
1120	1233
1121	1234
1122	1235
1123	1236
1124	1237
1125	1238
1126	1239
1127	1240
1128	1145
1129	1146
1130	1147
1131	1148
1132	1149
1133	1150
1134	1151
1135	1152
1136	1153
1137	1154
1138	1155
1139	1156
1140	1157
1141	1158
1142	1159
1143	1160
1144	1161
1145	1162
1146	1163
1147	88
1148	89
1149	90
1150	91
1151	92
1152	93
1153	94
1154	95
1155	96
1156	97
1157	98
1158	99
1159	100
1160	101
1161	102
1162	1178
1163	1179
1164	1180
1165	1181
1166	1182
1167	1183
1168	1184
1169	1185
1170	1186
1171	1187
1172	1188
1173	1189
1174	1190
1175	1191
1176	1192
1177	1193
1178	1194
1179	1195
1180	1196
1181	1197
1182	1198
1196	1212
1197	1213
1198	1214
1199	1215
1200	1216
1201	1217
1202	1218
1203	1219
1204	1220
1205	1221
1206	993
1207	994
1208	995
1209	996
1210	997
1211	998
1212	999
1213	1000
1214	1001
1215	1002
1216	1003
1217	1004
1218	1005
1219	1006
1220	1007
1221	1008
1222	1009
1223	1010
1224	1011
1225	1012
1226	1013
1227	1014
1228	1015
1229	1016
1230	1017
1231	1018
1232	1019
1233	1020
1234	1021
1235	1022
1236	576
1237	577
1238	578
1239	579
1240	580
1241	581
1242	582
1243	583
1244	584
1245	585
1246	586
1247	587
1248	588
1249	589
1250	590
1251	591
1252	592
1253	593
1254	594
1255	595
1256	596
1257	597
1258	598
1259	599
1260	600
1261	601
1262	602
1263	603
1264	1267
1276	1279
1277	1280
1278	1281
1279	1282
1280	1283
1281	1284
1282	1285
1283	1286
1284	1287
1285	1288
1286	1289
1287	1290
1288	1291
1289	1292
1290	1293
1291	1294
1322	1325
1323	1326
1324	1327
1325	1328
1326	1329
1327	1330
1328	1331
1329	1332
1330	1333
1331	1334
1332	1335
1333	1336
1334	1337
1335	1338
1336	1339
1337	1340
1338	1341
1339	1342
1340	1343
1341	1344
1342	1345
1343	1346
1344	1347
1345	1348
1346	1349
1347	1350
1348	1351
1349	1352
1350	1353
1351	1354
1352	1355
1353	1356
1354	1357
1355	1358
1356	1359
1357	1360
1358	1361
1359	1362
513	514
514	515
549	550
550	551
551	552
552	553
553	554
554	555
555	556
556	557
557	558
558	559
559	560
560	561
561	562
562	563
563	564
876	1124
877	1125
878	1126
879	1127
880	1128
881	1129
882	1130
883	1131
884	1132
885	1133
886	1134
887	1135
888	1136
889	1137
890	1138
891	1139
892	1140
893	1141
894	1142
895	1143
896	1144
1050	1062
1051	1063
1052	1064
1053	1065
1054	1066
1055	1067
1056	1068
1057	1069
1058	1070
1059	1071
1060	1072
1061	1073
1062	1074
1063	1075
1064	1076
1065	1077
1066	1078
1067	1079
1068	1080
1093	1105
1183	1199
1184	1200
1185	1201
1186	1202
1187	1203
1188	1204
1189	1205
1190	1206
1191	1207
1192	1208
1193	1209
1194	1210
1195	1211
1265	1268
1266	1269
1267	1270
1268	1271
1269	1272
1270	1273
1271	1274
1272	1275
1273	1276
1274	1277
1275	1278
1292	1295
1293	1296
1294	1297
1295	1298
1296	1299
1297	1300
1298	1301
1299	1302
1300	1303
1301	1304
1302	1305
1303	1306
1304	1307
1305	1308
1306	1309
1307	1310
1308	1311
1309	1312
1310	1313
1311	1314
1312	1315
1313	1316
1314	1317
1315	1318
1316	1319
1317	1320
1318	1321
1319	1322
1320	1323
1321	1324